first:
1
2 2
1 2
3 4
1 1
1 1

second:


third:
3
4 4
3 2 5 4
5 8 9 1
2 5 7 8
1 0 2 6
3 7 5 8
4 8 9 6
2 0 7 8
5 3 2 6

fourth:
4
5 5
1 4 3 2 5
1 2 3.2 4 5
1 4 3.89 2 5
1.28 2 3 4.26 5
1 4 3.57 2 5
1 4.85 3 2 5.27
8.65 2 3.2 4 5
1 4 3.89 2 5
1.28 2 3 4.87 5
1 4 3.27 2 5

4
4 4
3 2 5 4
5 8 9 1
2 5 7 8
1 0 2 6
3 7 5 8
4 8 9 6
2 0 7 8
5 3 2 6

4
8 8
3 2 5 4 3 2 5 4
5 8 9 1 3 2 5 4
2 5 7 8 3 2 5 4
1 0 2 6 3 2 5 4
3 2 5 4 3 2 5 4
5 8 9 1 3 2 5 4
2 5 7 8 3 2 5 4
1 0 2 6 3 2 5 4
3 7 5 8 3 2 5 4
4 8 9 6 3 2 5 4
2 0 7 8 3 2 5 4
5 3 2 6 3 2 5 4
3 2 5 4 3 2 5 4
5 8 9 1 3 2 5 4
2 5 7 8 3 2 5 4
1 0 2 6 3 2 5 4


fifth:
5
5 3
1 4 3 2 5
1 2 3 4 5
1 4 3 2 5
1 2 3 4 5
1 4 3 2 5
0 0 0
0 1 0
0 0 0



--------------------------------- cpp_test ------------------------------------
first:
1
4
3 2 5 4
5 8 9 1
2 5 7 8
1 0 2 6
3 7 5 8
4 8 9 6
2 0 7 8
5 3 2 6

1
5
3 2 5 4 1
5 8 9 1 1
2 5 7 8 1
2 5 7 8 1
2 5 7 8 1
1 0 2 6 1
3 7 5 8 1
4 8 9 6 1
2 0 7 8 1
5 3 2 6 1

1
5
1.0 2.0 3.0 4.0 5.0
6.0 7.0 8.0 9.0 10.0
11.0 12.0 13.0 14.0 15.0
16.0 17.0 18.0 19.0 20.0
21.0 22.0 23.0 24.0 25.0
1.5 1.5 1.5 1.5 1.5
2.5 2.5 2.5 2.5 2.5
2.5 2.5 2.5 2.5 2.5
3.5 3.5 3.5 3.5 3.5
1.5 1.5 1.5 1.5 1.5


second:
2
5 3
1 4 3 2 5
1 2 3 4 5
1 4 3 2 5
1 2 3 4 5
1 4 3 2 5
-1 -1 -1
-1 9 -1
-1 -1 -1



--------------------------------- Kernel_test ------------------------------------
blur
0.11 0.11 0.11               
0.11 0.11 0.11
0.11 0.11 0.11

copy
0 0 0 
0 1 0 
0 0 0

-1 -1 -1
-1 9 -1
-1 -1 -1

-2 -1 0
-1 1 1
 0 1 2

sharp
0 -1 0
-1 5 -1
0 -1 0

0.1 0.2 0.1
0.2 0.4 0.2
0.1 0.2 0.1

0.04 0.04 0.04 0.04 0.04
0.04 0.04 0.04 0.04 0.04
0.04 0.04 0.04 0.04 0.04
0.04 0.04 0.04 0.04 0.04
0.04 0.04 0.04 0.04 0.04
